# SDG Philippines Province Data
# Format: Province|Region|SDG1|SDG2|SDG3|SDG4|SDG5|SDG6|SDG7|SDG8|SDG9|SDG10|SDG11|SDG12|SDG13|SDG14|SDG15|SDG16|SDG17
# Indicators: PovertyIncidence|FoodInsecurityRate|VulnerableHealthScore|LiteracyRate|GenderInequalityScore|CleanWaterVulnerabilityScore|EnergyCapacityScore|LaborForceParticipationRate|InfrastructureCapacityScore|EconomicConstraintsScore|InformalSettlersRate|GarbagePickupRate|MultiHazardExposureScore|MarineProtectedArea|EnvironmentalStressScore|OrganizedViolenceRate|InternetAccessRate
# N/A = No data available | EXCL. = Excluded from dashboard
# Total provinces: 84

Abra|CAR|15|67|0.467|98.72|0.215|0.639|0.681|71.84|0.553|0.392|0.5|16.73|0.532|EXCL.|0.689|19.18|3.07
Agusan Del Norte|XIII|19.37|70|0.541|98.63|0.498|0.378|0.667|64.2|0.62|0.469|2.7|30.98|0.711|EXCL.|0.3|12.48|5.74
Agusan Del Sur|XIII|30.4|75|0.63|97.21|0.391|0.434|0.381|69.44|0.409|0.703|2.5|13.97|0.741|EXCL.|0.229|8.31|1.7
Aklan|VI|8.76|73|0.523|98.08|0.276|0.378|0.701|62.62|0.634|0.271|0.8|10.4|0.644|EXCL.|0.585|2.53|4.24
Albay|V|14.78|55|0.474|99.24|0.439|0.421|0.716|62.69|0.584|0.434|3.1|27.85|0.73|EXCL.|0.679|7.47|4.89
Antique|VI|13.21|N/A|0.618|97.66|0.28|0.256|0.542|58.36|0.528|0.402|1|7.89|0.599|EXCL.|0.612|3.66|1.96
Apayao|CAR|15.96|N/A|0.535|96.5|0.31|0.53|0.403|76.13|0.47|0.355|1.3|2.26|0.562|EXCL.|0.595|4.09|1.6
Aurora|III|11.5|70|0.42|99.13|0.486|0.392|0.607|62.25|0.545|0.386|1.2|8.3|0.644|EXCL.|0.646|3.15|2.32
Basilan|BARMM|65.7|N/A|0.582|85.58|0.979|0.995|0.126|55.11|0.211|0.958|4.1|4.86|0.182|EXCL.|0.51|38.95|0.46
Bataan|III|5.74|61|0.342|99.42|0.307|0.3|0.933|62.88|0.7|0.152|2|69.32|0.677|EXCL.|0.426|5.08|11.36
Batanes|II|6.62|N/A|0.232|99.28|0.022|0|0.937|90.71|0.686|0.263|0.2|78.15|0.171|EXCL.|0.651|0|7.96
Batangas|IV-A|8.41|56|0.255|99.36|0.228|0.454|0.928|63.14|0.68|0.204|1.8|33.83|0.583|EXCL.|0.593|6.78|9.78
Benguet|CAR|4.28|64|0.249|98.36|0.324|0.494|0.954|62.34|0.726|0.123|0.8|58.32|0.658|EXCL.|0.478|10.88|12.48
Biliran|VIII|13.76|N/A|0.507|98.07|0.427|0.231|0.669|59.67|0.629|0.494|1.4|7.35|0.546|EXCL.|0.445|0|3.44
Bohol|VII|15.23|75|0.503|98.38|0.348|0.432|0.551|64.28|0.592|0.444|1|17.88|0.629|EXCL.|0.424|5.43|3.98
Bukidnon|X|22.18|78|0.46|96.46|0.618|0.525|0.403|64.12|0.413|0.545|1.6|16|0.504|EXCL.|0.285|10.65|2.61
Bulacan|III|3.45|36|0.281|99.58|0.274|0.285|0.96|64.6|0.673|0.108|1.4|66.53|0.783|EXCL.|0.509|22.69|11.99
Cagayan|II|12.56|60|0.37|98.48|0.391|0.399|0.722|65.99|0.57|0.289|1.2|17.27|0.871|EXCL.|0.611|10.2|2.95
Camarines Norte|V|22.41|N/A|0.563|99.29|0.53|0.541|0.661|60.32|0.613|0.587|2|22.78|0.603|EXCL.|0.402|10.86|3.05
Camarines Sur|V|20.62|74|0.435|99.22|0.478|0.433|0.644|59.2|0.535|0.576|1.9|20.6|0.762|EXCL.|0.372|5.6|4.71
Camiguin|X|17.34|63|0.485|99.26|0.387|0.106|0.567|64.34|0.719|0.49|0.7|16.88|0.351|EXCL.|0.358|0|2.94
Capiz|VI|4.09|70|0.396|97.97|0.256|0.299|0.542|68.39|0.605|0.189|1.9|16.39|0.679|EXCL.|0.364|2.93|2.99
Catanduanes|V|14.39|75|0.586|98.79|0.341|0.576|0.667|65.93|0.585|0.521|1.3|18.56|0.586|EXCL.|0.344|4.1|4.58
Cavite|IV-A|3.71|71|0.288|99.66|0.261|0.26|0.974|64.33|0.696|0.075|2.1|82.36|0.789|EXCL.|0.473|5.07|16.71
Cebu|VII|11.11|50|0.452|98.55|0.354|0.808|0.765|63.54|0.665|0.309|2.8|46.54|0.841|EXCL.|0.646|10.38|10.8
City of Isabela|IX|40.63|N/A|0.582|93.87|0.583|0.585|0.572|55.62|0.396|0.719|4.3|34.52|0.084|EXCL.|0|23.77|2.4
Compostela Valley (Davao De Oro)|XI|18.51|61|0.484|98.16|0.554|0.07|0.507|64.8|0.465|0.424|2.2|24|0.584|EXCL.|0.364|15.8|1.16
Cotabato|XII|23.49|70|0.401|95.55|0.518|0.43|0.336|62.09|0.452|0.516|2.2|9.88|0.506|EXCL.|0.362|19.92|1.59
Cotabato City|XII|35.53|N/A|0.46|96.3|0.47|0.244|0.772|64.92|0.613|0.63|6.5|54.71|0.539|EXCL.|0.145|22.9|4.6
Davao Del Norte|XI|10.21|68|0.404|98.22|0.477|0.516|0.675|60.95|0.55|0.266|1.7|40.47|0.53|EXCL.|0.396|5.76|3.23
Davao Del Sur|XI|8.07|68|0.409|98.15|0.543|0.243|0.668|64.54|0.59|0.2|3.1|50.01|0.451|EXCL.|0.352|7.54|8.44
Davao Occidental|XI|30.87|N/A|0.431|90.33|0.802|0.729|0.668|N/A|0.385|0.685|1.5|50.01|0.308|EXCL.|0.315|2.42|8.44
Davao Oriental|XI|27.7|72|0.439|97.35|0.683|0.036|0.426|65|0.412|0.598|2.3|19.09|0.552|EXCL.|0.308|8.72|1.95
Dinagat Islands|XIII|26.63|N/A|0.68|98.54|0.407|0.326|0.432|N/A|0.431|0.599|1.5|20.06|0.409|EXCL.|0.44|0|1.17
Eastern Samar|VIII|40.94|N/A|0.504|97.31|0.421|0.499|0.633|67.26|0.511|0.816|1.5|27.05|0.642|EXCL.|0.512|2.46|2.48
Guimaras|VI|6.62|55|0.331|99.31|0.346|0.26|0.377|52.22|0.491|0.209|0.8|8.99|0.352|EXCL.|0.483|1.1|2.14
Ifugao|CAR|9.83|75|0.362|95.68|0.583|0.619|0.532|70.14|0.516|0.31|0.3|10.01|0.632|EXCL.|0.472|4.33|0.84
Ilocos Norte|I|3.2|58|0.295|98.99|0.397|0.313|0.928|67.92|0.722|0.148|0.5|25.21|0.756|EXCL.|0.731|6.77|8.2
Ilocos Sur|I|5.38|53|0.358|99.1|0.346|0.215|0.872|63.13|0.712|0.19|0.4|18.22|0.694|EXCL.|0.586|11.33|6.1
Iloilo|VI|11.96|70|0.432|98.79|0.41|0.381|0.628|62.6|0.684|0.291|2.4|23.95|0.821|EXCL.|0.65|4.53|6.18
Isabela|II|12.91|65|0.313|98.97|0.454|0.369|0.805|65.06|0.556|0.271|1.1|18.86|0.901|EXCL.|0.623|11.33|3.38
Kalinga|CAR|9.32|70|0.463|96.49|0.242|0.427|0.64|58.45|0.53|0.33|0.6|2.41|0.557|EXCL.|0.671|9.2|1.5
La Union|I|2.88|64|0.447|99.15|0.28|0.343|0.844|62.22|0.664|0.137|1|22.6|0.657|EXCL.|0.603|6.89|7.58
Laguna|IV-A|2.7|40|0.301|99.64|0.279|0.393|0.953|67.14|0.707|0.063|1.6|77.35|0.747|EXCL.|0.456|10.1|12.48
Lanao Del Norte|X|19.04|83|0.401|96.97|0.607|0.582|0.629|65.42|0.537|0.499|2.3|30.48|0.504|EXCL.|0.425|4.41|5.59
Lanao Del Sur|BARMM|64.05|90|0.413|94.12|0.922|0.887|0.76|46.88|0.439|0.945|1.4|13.65|0.477|EXCL.|0.34|26.9|1.74
Leyte|VIII|21.86|65|0.433|97.21|0.533|0.406|0.615|59.04|0.541|0.508|1.8|19.35|0.831|EXCL.|0.472|3.94|5.01
Maguindanao|BARMM|39.91|80|0.437|89.28|0.909|0.823|0.203|69.03|0.27|0.924|3.3|4.89|0.577|EXCL.|0.301|32.31|0.43
Marinduque|IV-B|9.95|58|0.586|99.25|0.334|0.317|0.592|64.02|0.561|0.434|1.4|9.35|0.533|EXCL.|0.591|0|3.44
Masbate|V|25.79|80|0.552|97.77|0.517|0.713|0.172|69.36|0.395|0.808|1.9|6.25|0.579|EXCL.|0.59|9.35|1.09
Misamis Occidental|X|19.35|57|0.466|98.55|0.378|0.329|0.578|59.79|0.569|0.421|1.8|19.94|0.477|EXCL.|0.279|3.89|4.5
Misamis Oriental|X|11.35|59|0.425|98.81|0.443|0.286|0.739|65.08|0.576|0.284|3.5|43.62|0.573|EXCL.|0.395|7|9.04
Mountain Province|CAR|17.18|80|0.358|95.86|0.024|0.21|0.811|84.71|0.68|0.423|0.5|9.66|0.492|EXCL.|0.469|8.33|2.1
NCR|NCR|1.46|N/A|0.3|99.82|0.195|0.183|0.992|63.7|0.765|0|4|96.69|0.883|EXCL.|0.481|14.95|27.63
Negros Occidental|VI|14.65|70|0.506|98.02|0.522|0.569|0.572|64.99|0.549|0.36|3.8|25.06|0.785|EXCL.|0.525|7.99|5.45
Negros Oriental|VII|19.2|65|0.563|97.72|0.483|0.529|0.373|69.36|0.412|0.433|1.5|15.56|0.633|EXCL.|0.547|8.08|4.98
Northern Samar|VIII|27.39|70|0.669|97.16|0.521|0.688|0.525|58.74|0.407|0.692|1.7|16.25|0.631|EXCL.|0.225|5.8|1.59
Nueva Ecija|III|6.5|60|0.266|99.46|0.52|0.465|0.874|63.99|0.582|0.193|1.3|28.01|0.797|EXCL.|0.44|9.65|5.43
Nueva Vizcaya|II|11.4|64|0.415|98.26|0.578|0.29|0.7|65.69|0.608|0.293|1.1|23.15|0.792|EXCL.|0.583|7|3.58
Occidental Mindoro|IV-B|16.06|78|0.682|96.35|0.565|0.504|0.51|68.01|0.492|0.502|1.4|15.1|0.66|EXCL.|0.613|4.16|2.64
Oriental Mindoro|IV-B|7.15|60|0.425|97.77|0.391|0.272|0.554|60.85|0.566|0.335|1.5|19.99|0.745|EXCL.|0.536|4.66|3.74
Palawan|IV-B|8.43|67|0.531|95.69|0.584|0.704|0.358|69.87|0.423|0.347|2.8|22.65|0.48|EXCL.|0.478|3.07|2.45
Pampanga|III|1.94|75|0.22|99.41|0.39|0.318|0.979|61.04|0.705|0.091|1.8|66.26|0.799|EXCL.|0.517|3.8|13.87
Pangasinan|I|9.17|48|0.415|99.35|0.362|0.194|0.829|60.22|0.576|0.303|1.4|20.59|0.83|EXCL.|0.516|6.06|5.32
Quezon|IV-A|9.31|56|0.423|99.15|0.451|0.753|0.367|67.98|0.514|0.311|2.6|32.75|0.641|EXCL.|0.496|8.83|4.81
Quirino|II|8.85|81|0.237|98.08|0.51|0.488|0.61|71.57|0.526|0.267|0.7|6.68|0.581|EXCL.|0.633|6.17|2.17
Rizal|IV-A|3.33|55|0.348|99.73|0.241|0.288|0.929|63.05|0.668|0.119|2.7|82.75|0.812|EXCL.|0.717|4.44|14.91
Romblon|IV-B|19.57|65|0.51|98.85|0.324|0.419|0.404|62.52|0.53|0.571|0.4|9.83|0.481|EXCL.|0.596|0.34|1.49
Samar|VIII|22.1|83|0.447|95.58|0.525|0.727|0.601|61.14|0.468|0.59|1.8|13.57|0.622|EXCL.|0.351|6.57|2.26
Sarangani|XII|36.02|75|0.387|92.04|0.776|0.515|0.268|65.46|0.363|0.708|2.7|10.77|0.543|EXCL.|0.357|6.33|0.54
Siquijor|VII|7.23|59|0.476|98.82|0.114|0|0.467|60.63|0.641|0.248|0.4|6.25|0.137|EXCL.|0.512|2.02|3.6
Sorsogon|V|19.49|86|0.475|99.09|0.409|0.428|0.62|61.36|0.564|0.546|1.5|25.51|0.648|EXCL.|0.464|7.39|2.46
South Cotabato|XII|13.67|70|0.399|96.45|0.435|0.354|0.638|63.69|0.609|0.325|2.7|31.82|0.601|EXCL.|0.423|6.47|4.43
Southern Leyte|VIII|17.24|56|0.464|98.69|0.317|0.278|0.687|59.91|0.577|0.428|1|22.37|0.718|EXCL.|0.204|2.07|3.84
Sultan Kudarat|XII|24.2|77|0.446|93.46|0.691|0.465|0.336|65.53|0.423|0.499|2.1|9.45|0.627|EXCL.|0.329|8.82|1.53
Sulu|BARMM|74.3|88|0.556|82.99|0.934|0.885|0.056|42.31|0.171|0.936|1.8|9.94|0.131|EXCL.|0.556|27.28|0.26
Surigao Del Norte|XIII|27.4|70|0.73|98.85|0.482|0.215|0.718|55.65|0.621|0.557|2.2|26.86|0.605|EXCL.|0.533|7.65|3.64
Surigao Del Sur|XIII|19.03|72|0.684|97.89|0.506|0.481|0.558|61.21|0.536|0.498|2.7|30.18|0.649|EXCL.|0.317|7.54|3.05
Tarlac|III|7.57|49|0.26|99.03|0.438|0.35|0.883|60.63|0.683|0.238|2.4|35.49|0.717|EXCL.|0.29|3.09|5.9
Tawi-Tawi|BARMM|14.67|N/A|0.546|87.2|0.891|0.867|0.245|48.84|0.228|0.534|2.1|5.87|0.002|EXCL.|0.467|4.69|0.77
Zambales|III|10.63|75|0.396|98.89|0.4|0.375|0.87|62.62|0.566|0.27|0.6|52.07|0.725|EXCL.|0.63|7.61|8.37
Zamboanga Del Norte|IX|36.77|85|0.53|95.89|0.567|0.475|0.358|66.63|0.418|0.752|1.5|12.38|0.472|EXCL.|0.388|5.13|2.01
Zamboanga Del Sur|IX|17.55|56|0.434|96.68|0.59|0.537|0.529|63.32|0.501|0.417|1.7|26.46|0.603|EXCL.|0.457|5.35|5.2
Zamboanga Sibugay|IX|27.1|75|0.424|97.19|0.557|0.613|0.324|58.48|0.437|0.641|3.1|10.83|0.359|EXCL.|0.258|5.29|1.56